Pedestrian 0.00 0 -1.37 289.06 157.61 310.06 214.16 1.82 0.78 0.94 -9.94 1.08 23.30 -1.77
Pedestrian 0.00 0 -1.30 395.34 162.04 411.34 201.02 1.76 0.69 1.21 -9.19 0.93 32.70 -1.57
Pedestrian 0.00 0 2.26 58.05 147.38 104.05 249.15 1.85 0.66 0.80 -9.83 1.25 13.30 1.63
Pedestrian 0.00 2 -1.20 289.57 154.76 304.57 194.89 1.93 0.59 0.70 -15.11 0.69 34.54 -1.60
Car 0.00 0 -1.53 562.37 170.20 586.31 188.49 1.44 1.79 3.96 -2.48 0.62 58.46 -1.57
Car 0.00 1 -2.16 960.72 180.90 1068.97 229.09 1.48 1.56 3.33 13.75 1.51 23.97 -1.64
Car 0.00 1 -2.24 1034.03 183.19 1154.96 229.32 1.40 1.59 3.35 16.36 1.51 23.86 -1.65
Car 0.05 2 0.89 1097.43 183.53 1223.00 230.25 1.44 1.50 3.80 19.15 1.57 24.49 1.54
Pedestrian 0.00 0 2.12 21.74 151.98 59.49 246.02 1.72 0.49 0.73 -10.68 1.20 13.33 1.46
Pedestrian 0.00 0 -1.21 321.56 154.40 335.56 197.22 2.01 0.76 0.84 -13.07 0.78 33.73 -1.57
Pedestrian 0.00 1 -1.17 305.07 158.86 316.40 196.56 1.75 0.65 1.07 -13.72 0.74 33.56 -1.55
Pedestrian 0.00 0 2.13 128.20 154.74 162.87 242.70 1.76 0.57 0.50 -9.41 1.25 14.46 1.57
Pedestrian 0.00 1 2.17 77.06 149.04 107.73 238.67 1.90 0.59 0.61 -10.87 1.23 15.31 1.56
Pedestrian 0.00 0 -2.57 698.95 162.44 773.95 310.71 1.63 0.55 1.28 1.62 1.43 8.40 -2.38
Pedestrian 0.00 0 -2.87 882.53 146.86 961.53 297.71 1.85 0.75 1.04 4.17 1.44 9.31 -2.46
Cyclist 0.00 0 1.72 466.33 165.03 484.42 207.03 1.79 0.51 1.73 -5.71 1.13 31.15 1.54
Pedestrian 0.00 2 2.09 51.66 156.32 77.66 233.75 1.64 0.46 0.43 -11.78 1.13 15.30 1.45
Pedestrian 0.34 0 2.23 0.00 149.18 34.94 235.87 1.80 0.52 0.69 -12.71 1.15 15.04 1.54
Car 0.00 0 -1.63 601.55 171.69 637.62 199.90 1.39 1.64 4.51 0.72 0.95 37.70 -1.61
Pedestrian 0.00 1 0.62 276.37 155.12 286.04 190.43 1.89 0.80 0.50 -17.47 0.53 38.41 0.19
Pedestrian 0.00 0 -2.68 220.40 153.26 230.40 197.15 1.90 0.53 0.35 -16.45 0.72 30.93 3.12
Pedestrian 0.00 2 2.49 1127.88 178.10 1139.22 214.19 1.80 0.80 0.76 26.81 1.69 35.88 3.13
DontCare -1 -1 -10 177.43 157.61 211.44 196.51 -1 -1 -1 -1000 -1000 -1000 -10
DontCare -1 -1 -10 539.86 167.28 553.08 180.50 -1 -1 -1 -1000 -1000 -1000 -10
