Car 0.10 1 0.88 1094.48 184.02 1223.00 235.29 1.57 1.71 3.94 19.20 1.72 24.47 1.54
Car 0.00 1 -2.27 1032.47 183.92 1156.97 232.68 1.47 1.62 3.36 16.30 1.61 23.76 -1.68
Car 0.00 1 -2.15 952.87 181.73 1068.75 234.26 1.62 1.72 3.58 13.75 1.68 24.23 -1.64
Car 0.00 1 -1.64 602.51 172.61 636.59 202.94 1.49 1.53 3.18 0.72 1.10 36.83 -1.62
Cyclist 0.00 0 1.38 465.56 166.59 502.26 223.48 1.75 0.83 1.70 -3.93 1.32 22.72 1.21
Cyclist 0.00 0 1.68 501.65 168.61 517.57 198.40 1.73 0.73 1.76 -5.68 1.04 42.23 1.55
Pedestrian 0.00 1 -1.64 188.84 148.90 206.16 196.21 1.99 0.73 0.53 -17.46 0.66 30.16 -2.16
Pedestrian 0.00 0 2.09 183.60 151.99 217.60 226.89 1.88 0.71 1.28 -10.56 1.16 18.44 1.58
Cyclist 0.00 2 0.99 822.17 140.32 940.65 293.83 2.09 0.74 1.81 4.04 1.54 10.58 1.34
Pedestrian 0.00 0 1.96 252.21 154.30 271.55 206.31 1.91 0.66 0.99 -12.77 0.95 26.64 1.52
Pedestrian 0.00 0 1.94 217.96 152.33 241.63 205.00 1.93 0.73 0.96 -13.90 0.89 26.46 1.46
Pedestrian 0.00 0 0.76 533.20 158.86 588.53 285.01 1.89 0.87 1.09 -0.75 1.56 11.27 0.70
Pedestrian 0.00 1 0.81 573.04 152.43 626.54 272.81 1.89 0.88 1.00 -0.28 1.45 11.74 0.79
Pedestrian 0.00 1 0.74 630.45 149.25 682.79 286.28 1.89 0.88 1.13 0.86 1.46 10.45 0.82
Pedestrian 0.00 0 0.16 990.18 143.11 1116.18 358.32 1.89 0.84 1.06 4.40 1.56 6.88 0.71
Pedestrian 0.00 0 0.13 1011.14 150.29 1129.80 338.14 1.77 0.90 1.11 5.01 1.48 7.36 0.71
Pedestrian 0.00 1 0.46 754.42 145.47 862.09 347.51 1.84 0.78 1.12 2.03 1.52 7.10 0.73
Pedestrian 0.00 1 0.40 810.33 149.48 878.66 335.64 1.84 0.74 1.16 2.59 1.53 7.64 0.71
Pedestrian 0.00 1 0.39 825.84 158.79 886.17 316.13 1.70 0.66 1.10 3.07 1.47 8.26 0.73
Pedestrian 0.00 0 0.76 585.96 153.72 656.96 302.21 1.84 0.79 1.03 0.20 1.51 9.41 0.79
